6
33
42
57
60
98
107
112
116
121
126
131
154
166
193
208
218
238
263
273
319
321
328
344
349
377
397
457
477
489
503
522
588
605
625
629
647
728
763
776
796
837
839
862
913
927
932
939
940
946
947
972
1042
1057
1068
1091
1149
1184
1197
1199
1242
1264
1283
1308
1487
1501
1524
1527
1701
1717
1791
1876
2676
2756
2856
2886
2887
3579
3776
3916
3917
4018
4531
4604
4713
7
43
59
95
122
127
132
155
167
209
219
252
260
271
288
318
320
342
378
381
398
467
478
490
504
513
523
527
594
606
624
627
628
648
731
736
753
764
798
838
863
918
944
949
1047
1069
1092
1107
1125
1189
1198
1201
1203
1263
1285
1309
1337
1358
1462
1488
1504
1525
1676
1693
1718
1729
1788
1877
2277
2396
2417
2758
2857
2888
2889
3576
3777
3812
3918
4019
4628
4632
4714
8
34
44
56
97
113
123
128
133
165
197
199
221
255
259
333
341
350
363
466
480
491
505
515
524
529
562
563
607
630
649
732
768
783
840
842
867
875
893
950
957
1067
1070
1093
1108
1145
1200
1229
1231
1265
1271
1284
1298
1310
1336
1458
1464
1489
1532
1677
1695
1707
1745
1755
1789
1936
2219
2418
2772
2858
2890
2891
3577
3797
3813
3845
4048
4528
4605
4715
9
45
108
114
124
129
134
158
200
222
248
289
326
336
345
362
383
465
481
492
506
516
521
528
564
565
608
631
650
733
759
784
799
859
860
866
876
894
917
924
951
955
1022
1066
1071
1094
1106
1185
1190
1202
1255
1266
1287
1339
1356
1465
1490
1505
1678
1699
1730
1765
1792
1976
2199
2397
2797
2836
2859
2892
2893
3556
3846
3936
3937
4049
4629
4633
4716
10
35
46
53
73
94
115
125
130
135
189
214
224
249
281
339
353
365
382
464
482
493
507
512
520
566
567
609
632
651
699
734
750
779
800
865
872
896
916
919
925
952
956
979
1023
1045
1072
1095
1191
1232
1267
1279
1282
1286
1299
1491
1500
1535
1680
1737
1757
1786
2773
2796
2798
2860
2894
2895
3018
3557
3851
3996
3997
4050
4529
4606
4717
11
49
58
137
153
178
206
213
277
284
322
329
338
364
399
463
483
494
508
509
519
568
569
626
633
666
735
801
802
829
843
844
877
897
1007
1024
1065
1073
1097
1151
1153
1183
1268
1272
1280
1288
1300
1359
1466
1506
1716
1719
1748
1790
1793
2200
2416
2476
2861
3097
3098
3580
3736
3798
3814
4051
4176
4630
4634
4728
4729
12
32
37
55
141
157
183
198
212
225
239
275
330
367
400
462
484
495
518
572
573
593
635
652
730
841
861
864
898
906
922
926
928
933
981
1008
1034
1038
1074
1096
1111
1192
1233
1252
1253
1257
1260
1281
1289
1295
1457
1492
1519
1704
1723
1761
2216
2419
2777
2868
2905
2906
3581
3799
3815
4052
4177
4527
4607
4718
4730
13
51
150
161
168
181
216
279
295
323
331
366
401
461
485
496
574
575
634
653
769
830
845
869
899
931
934
978
1009
1014
1028
1039
1040
1043
1075
1102
1110
1164
1269
1273
1291
1301
1311
1357
1493
1507
1518
1552
1727
1800
2193
2497
2760
2862
2907
2908
3596
3800
3816
3838
3847
4053
4631
4635
4719
36
54
103
156
201
226
306
332
460
486
497
576
577
587
636
654
705
846
858
870
901
937
973
1010
1015
1029
1041
1044
1076
1098
1103
1109
1159
1186
1193
1234
1270
1302
1312
1456
1494
1544
1687
1694
1751
1762
1777
2217
2420
2778
2863
2909
2910
3457
3597
3808
3817
3839
3848
4054
4530
4597
4720
16
39
50
104
159
204
223
293
324
402
459
487
498
578
579
637
655
726
762
780
847
902
912
921
923
974
1011
1030
1077
1099
1104
1113
1157
1194
1258
1261
1495
1508
1526
1683
1685
1703
1734
1778
2080
2192
2256
2421
2761
2864
2911
2912
3558
3809
3818
3840
3849
4055
4583
4584
4721
4778
38
162
220
233
245
291
303
403
458
488
499
546
638
656
712
778
848
878
900
911
948
975
1012
1035
1078
1100
1114
1146
1195
1235
1303
1496
1538
1547
1549
1684
1686
1697
1763
1768
1779
1858
1859
2085
2218
2257
2422
2779
2865
2913
2918
3582
3810
3819
3841
3850
4022
4532
4608
4722
40
211
246
283
405
479
500
639
657
710
713
752
772
850
873
903
942
976
1025
1079
1101
1115
1147
1176
1275
1304
1396
1404
1467
1497
1509
1539
1548
1550
1656
1688
1698
1836
1856
1857
1998
2082
2086
2189
2436
2762
2866
2914
2916
3578
3842
3852
4023
4080
4636
4637
4723
52
101
292
561
582
640
658
711
782
811
849
910
943
958
977
1005
1026
1080
1112
1148
1160
1171
1177
1236
1259
1276
1405
1485
1498
1657
1689
1700
1735
1764
1837
1996
1999
2083
2087
2139
2576
2780
2869
2915
2917
3516
3559
3778
3843
3853
4024
4297
4534
4610
4724
31
100
105
110
203
247
406
547
560
583
641
659
706
765
851
914
945
959
965
1027
1081
1150
1178
1262
1305
1406
1486
1499
1510
1540
1690
1696
1997
2000
2088
2140
2190
2763
2867
3056
3057
3456
3844
3854
4025
4296
4298
4535
4598
4611
4725
4780
144
334
389
407
584
642
660
707
781
852
915
941
953
960
961
967
1036
1082
1180
1188
1237
1251
1274
1306
1407
1545
1738
1766
1770
2001
2089
2178
2179
2781
2872
2919
2921
3478
3856
3876
4026
4096
4436
4516
4519
4536
4612
4726
4777
4779
4781
202
346
396
404
643
661
708
760
853
905
962
968
1031
1083
1169
1181
1408
1511
1546
1576
1638
1702
1722
1771
1977
2002
2180
2181
2191
2764
2873
2923
2924
3656
4027
4097
4256
4316
4437
4517
4520
4537
4613
4727
99
388
393
667
709
761
854
891
938
971
1032
1084
1161
1170
1182
1225
1238
1307
1409
1502
1536
1658
1691
1721
1772
1773
1780
2182
2183
2194
2782
2874
2925
2926
3855
4028
4518
4521
4538
4614
4624
4639
102
207
394
408
644
668
773
855
889
963
1006
1033
1085
1166
1410
1512
1517
1596
1681
1692
1740
1756
1774
1781
1919
2136
2176
2177
2195
2770
2884
2927
2928
3136
3857
4030
4577
4615
4640
347
585
596
603
645
669
774
856
890
966
1037
1086
1162
1167
1172
1239
1277
1411
1537
1682
1759
1785
2137
2144
2146
2147
2150
2817
2885
2929
2930
3137
3217
3957
4031
4578
4616
4641
272
395
409
595
604
646
670
766
857
892
969
1087
1168
1173
1243
1412
1428
1513
1760
1775
1795
2036
2138
2145
2184
2185
2783
2875
2931
2932
3216
3836
4029
4582
4617
4642
41
370
586
610
671
688
775
964
970
1088
1240
1413
1541
1776
1796
2037
2090
2094
2186
2187
2765
2882
2933
2935
2957
3837
4032
4456
4539
4618
4643
545
589
611
622
623
672
689
777
812
1089
1296
1360
1415
1514
1542
1797
2093
2095
2784
2934
2936
2958
3256
4033
4556
4579
4585
4619
4654
590
612
673
686
770
1017
1090
1241
1297
1414
1741
1798
1874
1875
1957
2092
2766
2937
2938
3257
4034
4580
4586
4602
4620
4655
15
374
613
674
685
771
1416
1515
1752
1799
1860
1869
1870
1958
2091
2785
3058
3059
3258
4035
4601
4603
4621
4656
614
675
687
868
1174
1248
1361
1417
1862
2148
2149
2767
2776
2879
2939
2942
3218
3296
4036
4476
4581
4622
4644
615
676
1250
1372
1418
1556
1801
2038
2047
2048
2188
2786
2880
2940
2943
4037
4477
4659
616
677
1366
1419
1557
1782
2049
2052
2056
2516
2768
2883
2941
2944
4038
4478
4660
617
621
678
1362
1420
1558
1783
2050
2053
2151
2787
2881
2945
2946
4039
4661
618
679
1020
1371
1421
1559
1563
2039
2051
2054
2769
2870
2947
2948
4040
4645
619
680
1021
1369
1422
1560
1784
2057
2788
2951
2952
3236
4041
4396
4397
4662
556
681
700
1375
1423
1561
1816
2771
2953
2954
4042
4402
4405
4663
557
682
701
1374
1424
1865
2096
2816
2955
2956
4043
4403
4406
4664
558
690
727
1370
1425
1516
2041
2959
2960
3676
4044
4404
4407
4646
229
559
691
1363
1426
2153
3006
3007
3677
4016
4017
4045
4665
692
714
1165
1365
1427
1864
3076
3077
4046
4596
4666
4815
4817
693
907
1187
1364
1400
2152
2961
2962
4047
4667
4816
4818
456
694
908
1206
1373
2040
2963
2965
4074
4647
696
909
1376
1402
2058
2557
2967
2968
4075
4668
227
695
1377
1866
2556
2970
3117
3182
4669
231
697
1254
2155
2596
2969
3184
3259
4670
698
1244
1368
2016
2154
2971
2972
4078
4648
1378
1867
1956
2017
2973
2974
4576
4671
230
1379
1463
1833
1834
2975
2976
4672
662
1175
1380
1832
2042
2977
2978
4673
663
1381
1817
2076
3176
3183
4649
664
1382
1872
2077
2979
3118
4674
665
1383
2043
2078
2980
2981
4675
683
1384
1873
2097
2984
2985
4676
1385
2084
2156
2982
2983
4650
4824
411
1386
2157
2716
3177
3185
4677
412
1387
1871
2141
3178
3186
4678
415
1367
1868
2142
3179
3187
4679
1388
2044
2143
2989
3237
3536
4651
414
1389
2045
2536
2995
3138
4680
454
1390
2046
2537
3180
3189
4681
468
1392
2996
2997
3802
4682
453
1393
3181
3188
3803
4652
450
1391
3009
3011
3804
4684
452
1394
3157
3161
4522
4683
451
1753
3141
3162
4523
4685
449
1754
3158
3163
4524
4653
469
3159
3164
4525
4686
448
3008
3010
4526
4687
447
3012
3013
4688
444
3014
3017
4657
446
3015
3016
4658
445
3036
3037
4821
443
3002
3003
4822
442
3004
3005
4820
470
2904
3316
4823
471
2903
441
440
439
472
438
437
436
435
473
434
433
432
431
1205
871
879
729
980
880
881
882
883
884
885
4626
4627
4625
4079
4156
886
887
888
2316
3096
3756
3757
4600
430
424
429
428
425
426
725
3142
4623
418
419
420
3336
3436
3758
4599
416
1292
1293
4782
1636
1637
1705
1706
1436
2079
2116
2398
4400
2336
2456
2357
2496
2358
2359
3618
3636
3896
2081
3496
3356
3357
4496
684
2018
2019
4784
4785
4786
4790